=== Results for credit_approval ===
Hidden          | Reg   | LR    | Batch | Val_Acc | Val_F1
----------------+-------+-------+-------+---------+-------
[64, 64, 64]    | 8e-04 | 1e-03 | 16    | 0.9084  | 0.9077
[64, 64, 64]    | 8e-04 | 1e-03 | 16    | 0.9160  | 0.9157
[64, 64, 64]    | 9e-04 | 1e-03 | 16    | 0.8931  | 0.8924
[64, 64, 64]    | 9e-04 | 1e-03 | 16    | 0.9008  | 0.9004
[128, 128, 128] | 8e-04 | 1e-03 | 16    | 0.9084  | 0.9081
[128, 128, 128] | 8e-04 | 1e-03 | 16    | 0.8931  | 0.8928
[128, 128, 128] | 9e-04 | 1e-03 | 16    | 0.9084  | 0.9080
[128, 128, 128] | 9e-04 | 1e-03 | 16    | 0.9160  | 0.9155
[256, 256, 256] | 8e-04 | 1e-03 | 16    | 0.9160  | 0.9155
[256, 256, 256] | 8e-04 | 1e-03 | 16    | 0.9084  | 0.9080
[256, 256, 256] | 9e-04 | 1e-03 | 16    | 0.9084  | 0.9080
[256, 256, 256] | 9e-04 | 1e-03 | 16    | 0.9008  | 0.9004

Best → Hidden=[64, 64, 64], Reg=0.0008, LR=0.001, Batch=16, Val_F1=0.9157
Saved LC to learning_curves\learning_curve_credit_approval.png

=== Results for parkinsons ===
Hidden       | Reg   | LR    | Batch | Val_Acc | Val_F1
-------------+-------+-------+-------+---------+-------
[16, 16, 16] | 8e-04 | 1e-03 | 8     | 0.8718  | 0.7937
[16, 16, 16] | 8e-04 | 1e-03 | 8     | 0.7436  | 0.4265
[16, 16, 16] | 7e-04 | 1e-03 | 8     | 0.7692  | 0.5237
[16, 16, 16] | 7e-04 | 1e-03 | 8     | 0.8718  | 0.7937
[32, 32, 32] | 8e-04 | 1e-03 | 8     | 0.8205  | 0.7367
[32, 32, 32] | 8e-04 | 1e-03 | 8     | 0.8462  | 0.7641
[32, 32, 32] | 7e-04 | 1e-03 | 8     | 0.8718  | 0.7937
[32, 32, 32] | 7e-04 | 1e-03 | 8     | 0.8718  | 0.8120
[64, 64, 64] | 8e-04 | 1e-03 | 8     | 0.8718  | 0.8120
[64, 64, 64] | 8e-04 | 1e-03 | 8     | 0.8718  | 0.7937
[64, 64, 64] | 7e-04 | 1e-03 | 8     | 0.8718  | 0.7937
[64, 64, 64] | 7e-04 | 1e-03 | 8     | 0.8974  | 0.8427

Best → Hidden=[64, 64, 64], Reg=0.0007, LR=0.001, Batch=8, Val_F1=0.8427
Saved LC to learning_curves\learning_curve_parkinsons.png

=== Results for rice ===
Hidden       | Reg   | LR    | Batch | Val_Acc | Val_F1
-------------+-------+-------+-------+---------+-------
[32, 32]     | 0e+00 | 3e-03 | 100   | 0.9423  | 0.9406
[32, 32]     | 0e+00 | 7e-03 | 100   | 0.9409  | 0.9397
[32, 32]     | 1e-03 | 3e-03 | 100   | 0.9436  | 0.9422
[32, 32]     | 1e-03 | 7e-03 | 100   | 0.9396  | 0.9378
[64, 64]     | 0e+00 | 3e-03 | 100   | 0.9449  | 0.9436
[64, 64]     | 0e+00 | 7e-03 | 100   | 0.9423  | 0.9407
[64, 64]     | 1e-03 | 3e-03 | 100   | 0.9423  | 0.9408
[64, 64]     | 1e-03 | 7e-03 | 100   | 0.9423  | 0.9409
[64, 64, 64] | 0e+00 | 3e-03 | 100   | 0.9278  | 0.9250
[64, 64, 64] | 0e+00 | 7e-03 | 100   | 0.9383  | 0.9371
[64, 64, 64] | 1e-03 | 3e-03 | 100   | 0.9423  | 0.9409
[64, 64, 64] | 1e-03 | 7e-03 | 100   | 0.9449  | 0.9435

Best → Hidden=[64, 64], Reg=0.0, LR=0.003, Batch=100, Val_F1=0.9436
Saved LC to learning_curves\learning_curve_rice.png

=== Results for digits ===
Hidden        | Reg   | LR    | Batch | Val_Acc | Val_F1
--------------+-------+-------+-------+---------+-------
[64, 64]      | 0e+00 | 3e-03 | 100   | 0.9389  | 0.9373
[64, 64]      | 0e+00 | 7e-03 | 100   | 0.9611  | 0.9604
[64, 64]      | 1e-04 | 3e-03 | 100   | 0.9361  | 0.9334
[64, 64]      | 1e-04 | 7e-03 | 100   | 0.9500  | 0.9494
[64, 64, 64]  | 0e+00 | 3e-03 | 100   | 0.9528  | 0.9521
[64, 64, 64]  | 0e+00 | 7e-03 | 100   | 0.9694  | 0.9687
[64, 64, 64]  | 1e-04 | 3e-03 | 100   | 0.9778  | 0.9776
[64, 64, 64]  | 1e-04 | 7e-03 | 100   | 0.9722  | 0.9717
[128, 64, 32] | 0e+00 | 3e-03 | 100   | 0.9722  | 0.9718
[128, 64, 32] | 0e+00 | 7e-03 | 100   | 0.9806  | 0.9803
[128, 64, 32] | 1e-04 | 3e-03 | 100   | 0.9806  | 0.9803
[128, 64, 32] | 1e-04 | 7e-03 | 100   | 0.9778  | 0.9775

Best → Hidden=[128, 64, 32], Reg=0.0, LR=0.007, Batch=100, Val_F1=0.9803
Saved LC to learning_curves\learning_curve_digits.png